canvas=1280,720
zoom=1.0
lanes=400,682
sway=grass_1,104,100,52,99,50,722,0,bend
sway=grass_2,120,96,60,95,212,722,0.9,bend
sway=grass_3,98,82,49,81,353,722,1.8,bend
sway=grass_1,116,90,58,89,906,722,2.7,bend
sway=grass_2,122,98,61,97,1076,722,3.6,bend
sway=grass_3,116,103,58,102,1218,722,4.5,bend
drift=cloud_2,851,73,310,77,80,0,16,0.5,1
drift=cloud_1,315,104,230,68,80,0,16,0.5,1
drift=cloud_3,1067,175,180,51,80,0,16,0.5,0.95
herd=gallop_,6,-80,1680,16,0.42,12
horse=0,347,44,28,0
horse=37,344,41,26,2
horse=75,351,47,30,4
horse=108,344,42,26,1
horse=142,349,45,28,3
horse=181,346,42,27,5
horse=215,352,46,29,2
