canvas=1280,720
branch=branch_0,-18,49,150,74,0,0.1
branch=branch_1,-12,170,175,86,0,1.1
branch=branch_2,-24,301,180,89,0,2.4
branch=branch_3,20,391,128,63,0,3.2
branch=branch_4,1136,93,159,79,1,0.7
branch=branch_5,1109,233,183,90,1,1.8
branch=branch_6,1136,354,164,81,1,3.1
branch=branch_7,1143,474,146,72,1,4.2
cloud=-54,21,405,132,0.1
cloud=879,68,406,132,0.61
cloud=855,187,290,95,0.36
river=816,400,311,131
glint=834,514,0.761
glint=1107,411,0.711
glint=1064,417,0.765
glint=903,405,0.004
glint=1005,411,0.055
glint=890,404,0.447
glint=845,528,0.097
glint=1069,443,0.791
glint=950,406,0.803
glint=1005,418,0.600
glint=1092,435,0.097
glint=965,410,0.263
glint=1102,446,0.027
glint=849,521,0.691
glint=1071,446,0.252
glint=908,406,0.689
glint=1038,424,0.844
glint=1104,412,0.239
glint=866,525,0.892
glint=986,412,0.176
glint=1011,421,0.009
glint=942,409,0.435
glint=831,509,0.690
glint=1002,426,0.642
glint=1032,444,0.188
glint=1039,418,0.765
glint=836,509,0.858
glint=990,426,0.112
glint=1047,413,0.425
glint=973,410,0.562
glint=859,492,0.404
glint=1110,427,0.091
glint=993,410,0.174
glint=839,513,0.263
glint=1104,411,0.301
glint=830,519,0.084
glint=818,523,0.064
glint=1030,417,0.423
sun=1068,309,146,98
firework=2.0,258,264,238,135,255,224,153
firework=7.3,272,272,306,164,196,222,255
button=500,287,285,58
button=500,352,285,58
button=500,417,285,58
button=500,482,285,58
button=500,547,285,60
card=52,474,119,152,52,500,150,474,170,615,92,625
card=159,462,82,176,159,464,240,462,240,637,159,637
card=195,465,163,203,240,465,357,492,317,667,195,635
